0 1209
0 2122
1 431
1 760
2 449
2 380
2 2247
2 350
3 439
3 302
4 346
4 322
4 301
4 805
5 378
5 362
5 810
5 401
6 379
6 302
7 400
7 2206
8 378
8 1638
10 1153
10 313
11 439
12 446
12 445
13 324
13 385
14 379
14 338
14 311
14 389
14 337
15 314
15 334
16 793
16 412
17 1257
18 2179
19 813
20 360
22 307
22 351
22 1596
23 374
23 312
24 391
24 403
25 311
25 343
26 344
26 305
26 2173
26 1209
28 307
29 441
30 398
30 414
31 328
32 374
33 321
34 416
34 346
34 333
34 413
35 373
35 422
36 301
36 1099
36 407
37 323
37 431
37 405
38 386
39 1304
39 1230
40 1219
40 382
40 860
41 334
41 759
42 442
42 2228
42 316
42 370
43 360
43 885
45 356
45 373
46 2191
47 877
47 1721
48 314
48 407
48 428
48 817
49 306
49 414
49 344
50 412
50 407
50 312
50 444
50 1135
51 2114
52 351
53 354
53 393
53 411
55 2122
55 386
55 439
55 418
56 2108
56 1053
56 2638
57 441
57 442
57 319
57 371
57 785
57 315
58 422
58 376
58 419
59 416
59 300
60 1120
61 894
61 868
61 383
62 1055
63 404
63 300
63 2211
63 787
64 391
64 381
65 414
65 423
65 1278
65 371
65 1270
65 443
65 341
66 321
67 433
67 854
68 321
69 307
69 320
70 1798
71 408
71 2196
72 2163
74 2154
74 443
74 2682
74 307
76 307
76 433
76 398
77 355
77 427
77 342
77 414
78 345
79 345
79 420
80 2559
81 384
82 342
83 397
84 338
84 2154
84 341
84 400
85 368
86 386
86 1252
86 427
87 431
87 1306
87 312
88 313
88 324
88 386
89 2166
89 1244
89 407
90 406
90 421
90 339
91 2180
92 2240
92 1332
92 346
92 346
93 317
93 302
93 376
93 2214
93 779
94 437
94 2223
94 1223
94 2606
94 891
95 426
95 384
96 444
96 1245
97 434
97 385
97 791
98 354
98 367
98 1252
98 2120
100 371
100 1321
100 2213
101 405
101 381
102 326
102 415
102 2224
103 1349
104 357
104 785
105 1228
105 432
105 1268
106 389
106 437
106 398
107 756
108 2224
108 349
109 326
109 446
109 1150
110 377
110 401
110 1230
111 414
111 338
111 1270
112 396
112 449
112 769
113 369
113 322
114 352
115 1715
117 376
117 368
117 414
117 447
117 850
118 848
119 419
119 898
119 2693
119 809
120 1343
120 1129
120 875
121 406
121 310
121 1140
122 343
122 382
122 789
123 444
124 2146
124 2590
125 325
126 332
127 374
127 1348
129 315
129 2226
129 340
129 445
130 383
131 385
132 337
132 421
132 845
133 2159
133 2197
135 349
135 408
136 358
136 366
137 1106
137 342
137 334
137 383
137 844
139 428
139 356
139 2164
139 363
140 404
140 381
140 321
142 328
142 382
142 1099
143 350
143 332
144 333
144 420
144 397
145 410
145 2211
145 422
146 327
146 899
147 317
147 322
148 363
148 441
149 311
149 316
150 404
150 2144
150 418
152 358
152 329
152 2666
152 857
153 401
153 346
153 382
154 1231
154 421
154 390
154 404
155 355
155 323
155 1337
155 329
156 1209
156 302
156 2226
157 379
157 386
158 378
158 403
159 303
161 301
162 332
162 384
162 1281
162 340
162 350
163 370
164 361
164 376
165 1341
165 402
166 320
166 365
166 330
168 381
168 340
169 1329
169 422
169 406
170 318
170 306
170 365
170 1133
171 2159
172 426
172 344
172 429
172 442
173 343
173 327
173 863
173 766
174 1694
175 1270
176 2183
176 397
176 2213
177 419
178 307
179 375
179 442
179 1317
180 377
180 420
180 410
181 410
182 795
183 312
184 757
186 326
186 370
187 448
187 437
187 828
187 1721
188 895
189 403
190 416
191 409
191 803
192 413
192 442
193 356
193 433
193 1137
193 389
193 2142
193 1711
193 424
193 820
195 349
195 432
195 1304
195 372
196 2156
197 315
197 422
197 444
197 338
197 749
197 814
198 403
199 2186
200 342
201 1248
201 836
202 376
202 431
203 401
203 401
203 355
203 354
204 2158
204 382
205 322
205 433
206 379
206 435
206 868
206 2149
207 406
207 394
207 879
208 371
208 313
208 871
209 331
209 420
209 375
209 419
209 370
209 377
210 404
210 2696
210 2609
211 350
211 318
211 1550
212 355
212 1107
212 772
213 345
213 360
213 2607
214 1346
214 344
215 392
215 324
216 367
216 754
217 445
218 332
219 395
220 1270
220 1319
221 372
221 2141
221 390
222 326
224 363
224 449
225 325
225 371
225 308
228 358
229 355
229 332
229 324
229 1201
229 315
229 1180
229 420
230 318
230 1252
230 351
231 440
231 2155
231 369
232 435
232 329
232 753
233 317
233 2168
233 827
233 417
234 859
235 416
236 327
236 1161
237 375
237 335
238 423
238 857
239 404
239 359
239 388
239 373
240 404
240 390
240 414
241 372
241 880
241 339
241 789
242 1057
242 366
242 757
243 425
243 377
243 788
244 398
245 317
245 329
245 384
245 300
245 1670
246 443
246 332
247 419
247 378
247 836
248 808
249 2132
249 340
249 396
250 1122
251 410
251 759
252 386
252 418
252 2114
252 383
252 347
252 820
254 393
254 343
254 442
255 338
256 308
258 834
259 386
261 1252
261 2234
262 300
262 401
263 870
263 868
264 349
267 338
268 386
269 348
270 416
270 403
271 324
271 352
271 438
272 323
272 842
274 353
274 347
274 885
274 849
275 393
276 398
277 435
278 327
279 301
281 370
282 328
283 2162
283 374
284 328
284 427
285 404
285 389
285 386
286 332
287 423
288 348
288 361
288 2152
289 1317
289 325
289 1259
289 398
291 408
292 379
292 898
292 842
293 354
293 306
293 887
294 377
297 393
298 317
299 301
299 384
299 412
300 329
300 422
300 331
301 318
302 303
302 359
303 312
304 427
304 396
304 2237
304 886
306 782
307 411
307 1255
308 428
309 395
309 1793
310 388
310 1061
310 891
311 327
312 325
312 303
313 404
313 799
314 324
315 364
315 2209
316 374
316 401
317 449
317 423
318 415
318 372
318 385
318 764
319 328
319 371
319 1324
320 383
320 346
320 808
320 838
321 333
321 334
322 302
322 402
322 1203
322 790
323 318
323 428
323 436
323 377
324 435
324 431
325 362
326 366
326 393
327 373
327 311
327 864
328 2111
329 377
332 363
332 1059
332 1213
332 409
333 372
333 390
333 317
334 378
334 368
335 418
335 766
336 434
336 1262
336 2098
337 366
338 419
338 1065
340 424
340 364
340 381
341 1171
341 332
341 831
342 417
342 863
343 361
343 410
344 373
344 2230
344 796
345 339
346 320
347 438
347 834
348 812
349 397
349 432
350 1233
350 301
351 311
352 435
353 419
354 401
355 406
355 1211
356 1342
356 793
357 864
357 785
359 302
360 321
361 436
361 784
362 2202
362 302
362 2198
363 412
363 369
364 402
364 817
364 2198
365 422
366 441
366 1099
366 326
366 2228
366 368
366 871
366 369
367 401
367 1299
368 2167
368 398
368 2226
369 2181
369 415
369 366
370 440
370 393
371 412
371 404
371 319
372 318
372 392
373 344
373 404
373 1226
373 419
374 1065
374 316
374 858
375 389
375 1153
376 408
377 447
378 334
378 304
378 423
378 2643
379 420
379 307
379 446
379 410
379 752
380 1195
380 784
381 2184
382 2237
382 320
382 371
383 426
383 368
384 449
384 2115
384 395
384 347
385 348
386 319
386 434
386 378
387 855
387 810
388 310
388 756
389 353
389 396
390 424
390 333
390 1102
391 427
391 332
391 2219
391 887
392 407
392 372
393 427
393 326
395 309
395 788
395 384
396 1124
396 1207
396 304
397 341
397 388
398 353
398 368
398 438
398 2117
400 303
401 419
401 367
401 316
401 302
402 364
402 2172
403 399
403 312
403 826
404 373
404 442
404 405
404 852
404 830
406 403
406 435
406 384
407 325
407 318
408 335
408 899
408 436
408 376
410 425
410 343
410 390
410 379
411 307
411 2130
411 787
411 761
412 417
413 396
413 1270
413 317
414 338
414 1296
415 1336
415 870
416 395
416 885
416 808
416 850
417 342
417 412
418 426
419 401
419 338
419 353
419 329
420 379
420 817
421 345
421 888
422 365
422 372
422 882
423 865
423 317
424 1336
424 390
425 447
425 421
425 431
427 304
427 391
427 2165
428 369
428 323
428 324
431 343
431 425
431 324
431 318
432 397
432 352
432 815
433 396
433 333
433 2161
433 402
433 872
434 336
434 819
435 406
436 2140
436 361
436 408
436 873
438 347
438 824
438 1702
439 305
439 781
439 870
439 797
440 415
441 366
441 314
442 321
442 449
442 396
443 337
445 306
445 364
447 425
447 358
449 356
449 442
449 2149
450 398
451 883
454 1228
455 379
456 416
459 408
462 1584
463 388
463 1621
463 353
464 421
465 392
468 320
468 813
470 1255
471 300
473 411
477 876
479 318
482 335
482 386
483 2208
483 2555
486 770
490 871
490 885
491 768
494 406
495 2652
497 1668
498 821
509 1541
512 439
515 306
518 380
518 873
518 778
519 361
520 352
521 328
521 871
525 411
526 395
526 1719
526 421
528 361
528 420
529 778
531 322
532 348
532 825
532 805
536 356
537 308
540 391
542 1742
543 344
544 1672
549 2204
551 877
555 861
558 1796
561 302
566 424
567 416
569 359
574 348
576 2668
576 759
581 432
583 2184
584 420
585 364
588 434
590 426
590 396
592 774
597 1596
599 438
601 791
602 403
604 416
605 887
612 341
618 429
619 347
620 1688
621 845
622 423
622 400
623 838
623 2213
626 836
627 320
632 2142
634 770
634 446
635 436
637 1197
638 368
640 835
641 366
650 358
651 416
651 871
652 2162
654 404
655 1726
655 2634
658 333
661 387
664 419
665 376
667 374
668 417
670 758
673 802
673 1184
676 342
678 327
678 357
680 803
681 423
682 846
686 431
687 403
690 893
691 770
691 785
692 415
693 433
694 404
694 366
695 784
696 866
696 765
700 840
701 763
702 360
703 800
707 403
714 1575
715 811
716 422
719 437
721 304
722 770
723 827
726 391
728 874
733 2615
734 310
734 347
737 330
742 394
747 899
747 899
748 1526
748 359
749 897
752 843
753 1315
758 860
759 425
762 765
764 2690
764 2608
765 762
765 1244
765 872
768 1206
769 356
770 2142
770 842
778 784
778 789
779 346
779 1163
785 357
786 844
787 331
790 890
795 2639
796 855
797 439
799 313
803 865
803 395
805 791
808 320
810 302
810 387
811 883
813 309
814 398
815 839
815 2213
817 324
825 1118
828 393
830 404
831 1184
831 860
835 1186
839 815
840 875
843 752
844 786
845 1530
846 866
847 1217
848 359
849 437
852 2239
855 796
860 2629
860 831
860 320
863 386
866 872
868 330
870 431
870 439
871 2540
871 850
872 1216
873 436
874 888
877 323
880 420
883 749
885 416
885 321
887 446
888 421
890 790
893 869
897 749
898 446
899 408
899 373
900 2211
900 1219
900 1167
901 1281
901 1233
901 2162
902 1346
903 1081
903 1244
905 310
905 1075
905 1250
906 1262
906 1145
906 1276
907 374
907 1126
908 1248
908 1099
909 1334
910 2116
910 1607
911 1301
912 1063
912 1301
912 1099
913 2208
913 1085
913 1102
914 1238
914 1715
915 1057
915 1313
916 1348
916 1319
916 1233
916 1252
916 1344
917 1073
917 1211
917 1083
918 1195
918 1124
918 1238
919 1081
919 1619
920 1067
920 371
921 1057
921 1206
922 1075
922 1345
923 1329
924 1283
924 1790
924 406
925 2113
925 1259
926 2177
927 1349
927 1099
927 1342
928 1153
929 1217
929 1203
929 1155
929 2613
930 1297
930 330
931 1244
931 1132
932 1087
932 396
933 2162
933 1065
933 2160
933 1719
934 1252
934 1334
935 1226
935 2149
936 1742
937 1061
937 1085
937 1189
937 385
937 1629
937 1772
938 1342
938 325
938 1763
938 1688
938 1340
939 1349
939 1349
939 1349
939 1268
939 1343
940 1118
940 1173
940 360
942 1317
942 1586
943 1221
943 1231
945 1263
946 1177
946 1301
946 1245
947 375
947 2171
947 1288
947 1116
947 1307
947 1195
948 1276
948 1262
948 1118
949 1276
949 1118
950 1128
950 1311
950 1306
951 2196
952 1244
952 1189
952 1097
952 779
952 1262
952 2212
953 1242
954 1228
954 1199
956 2182
958 2108
958 1281
959 1152
960 1259
960 1155
960 1700
962 2158
962 1349
962 831
962 2589
962 1590
963 2183
963 1344
963 835
964 1143
964 1789
965 1071
968 1676
970 1167
971 1668
972 1276
972 1293
973 1102
974 396
974 1567
974 1193
974 1206
975 378
975 1313
975 313
976 1274
976 2222
977 1242
977 1259
978 1235
978 1176
979 1268
979 1348
979 1296
979 1073
979 1577
979 1787
980 1177
980 1051
980 1069
981 1145
981 1228
982 1321
982 1257
982 1344
983 1347
983 1140
984 1343
984 1167
984 1079
984 752
985 1085
985 1332
985 1293
986 1173
987 1053
987 1083
988 2240
988 1120
988 1281
988 1349
988 1112
989 1079
989 1081
990 2152
991 1165
991 2677
992 1163
992 1122
992 1732
993 348
993 1152
993 1279
993 1209
994 1307
994 1055
994 1704
994 1617
995 1135
995 1245
995 1061
995 1795
996 343
996 1128
996 1083
997 1288
998 1165
998 307
999 1129
999 1711
1000 1262
1000 1213
1000 1110
1001 336
1001 1063
1001 1186
1002 1217
1002 1252
1002 1129
1003 1340
1003 1319
1004 1217
1004 1274
1004 2132
1005 355
1005 413
1005 1235
1006 2154
1006 1083
1006 2191
1007 1211
1007 1262
1008 1203
1008 1155
1009 332
1009 1177
1009 2217
1009 1207
1010 2163
1010 1245
1010 1201
1010 1763
1011 1053
1011 1176
1011 1666
1012 1107
1012 1118
1012 1340
1012 1662
1012 1580
1013 1550
1014 2234
1014 1253
1014 1153
1014 1288
1014 1288
1014 1784
1015 1327
1016 1337
1017 1122
1017 1230
1018 414
1018 1662
1019 1197
1020 1081
1020 1799
1021 1075
1021 1073
1022 1142
1023 1272
1023 343
1023 1159
1024 1153
1024 2167
1025 1231
1026 1129
1027 1081
1027 2098
1028 1075
1028 1245
1028 1288
1029 444
1031 350
1032 1197
1032 1147
1035 1087
1036 1317
1036 1230
1037 1211
1037 1242
1037 1069
1038 2155
1039 1292
1040 1055
1041 1349
1041 382
1042 1118
1043 1173
1044 1334
1044 1083
1044 1297
1045 1297
1046 1195
1046 1192
1046 1289
1046 1666
1047 1097
1047 1293
1047 1165
1048 1083
1048 363
1049 1341
1049 1104
1049 1137
1051 1349
1051 2202
1051 1262
1051 1153
1053 328
1054 1238
1054 1230
1055 1340
1055 1182
1055 1195
1055 1248
1055 331
1055 1602
1056 1102
1057 1147
1057 421
1057 1625
1058 1106
1058 332
1059 1171
1059 1329
1059 1321
1060 1133
1060 1116
1060 1075
1062 1075
1062 1248
1063 1334
1064 2115
1064 1293
1064 338
1066 1150
1066 1244
1067 1252
1068 1219
1068 1193
1071 1165
1071 1341
1071 1189
1072 2190
1072 1085
1072 1217
1073 1342
1073 1340
1073 1272
1073 2174
1074 1104
1074 1061
1075 1315
1075 1061
1075 1619
1076 1292
1077 1342
1077 2206
1077 1217
1077 2120
1078 2207
1078 1228
1080 1304
1080 1097
1081 2163
1081 1299
1081 1238
1081 1559
1081 1195
1082 1244
1082 1173
1082 1272
1083 1085
1084 1230
1084 1077
1085 1133
1085 1157
1086 1193
1087 1329
1088 1332
1089 366
1089 318
1089 1075
1090 1193
1090 1337
1090 390
1090 2182
1091 1192
1091 2167
1091 1299
1091 1349
1091 1135
1091 1266
1092 368
1092 1059
1092 1219
1092 1793
1095 1206
1095 1235
1096 2153
1097 1163
1097 1176
1097 1347
1099 1112
1099 1114
1099 2105
1100 1140
1101 1235
1102 1077
1103 425
1103 1157
1103 2135
1103 1114
1104 1145
1106 1126
1107 1774
1107 1588
1108 1106
1108 1557
1109 1327
1109 1124
1109 1270
1110 1216
1110 1250
1111 1257
1111 360
1111 2168
1111 1263
1112 1223
1112 1099
1113 1288
1113 1122
1114 1122
1114 1786
1115 1213
1115 1223
1115 1171
1115 1532
1116 1061
1116 1336
1118 1283
1118 1342
1118 1157
1118 825
1119 1165
1119 2185
1120 2169
1121 1192
1121 1226
1122 1262
1122 1317
1122 1293
1123 1250
1123 1304
1124 1128
1125 1147
1127 1317
1127 2583
1127 1104
1128 1159
1129 1311
1129 2203
1129 1617
1130 1057
1130 1143
1130 1324
1130 1171
1131 354
1131 1299
1133 1188
1133 1520
1134 1337
1135 1104
1135 1250
1136 1274
1136 1209
1137 1285
1137 396
1138 1180
1138 1217
1139 1122
1140 1343
1140 1279
1143 1188
1143 1182
1144 1186
1144 418
1145 1235
1145 1063
1145 1255
1148 1071
1148 1259
1148 2130
1148 1137
1149 1219
1149 1051
1149 2125
1150 1067
1150 1199
1151 1345
1151 1625
1152 1226
1152 1274
1153 305
1153 1272
1153 1051
1154 341
1154 1059
1154 1257
1154 1147
1156 1140
1156 1231
1156 1343
1156 1315
1157 1244
1157 1085
1157 1721
1158 2227
1158 1216
1159 1278
1159 2209
1160 1219
1160 1293
1160 1740
1161 1285
1162 1238
1163 2190
1164 1143
1165 1255
1165 1347
1166 1242
1167 1317
1167 1778
1168 1231
1168 1262
1169 1596
1171 1337
1171 1133
1172 1315
1173 1083
1174 1104
1174 1346
1174 1307
1175 1102
1175 1337
1175 1069
1176 1097
1176 1288
1177 1278
1177 2123
1178 380
1178 1346
1178 1153
1179 1324
1179 1278
1180 1348
1180 414
1181 2187
1181 1150
1181 1795
1182 1055
1183 1279
1184 861
1185 322
1186 1161
1186 1313
1187 1561
1187 1207
1188 2141
1188 1133
1189 1163
1189 1348
1189 1133
1190 1317
1190 1278
1191 1228
1191 1332
1191 1153
1191 1266
1191 1245
1192 1140
1193 1087
1193 1207
1194 1334
1195 1087
1195 1055
1195 1081
1196 1133
1196 332
1197 1297
1197 1281
1197 843
1198 2178
1199 1299
1199 1248
1199 2226
1199 2698
1200 1155
1200 847
1201 414
1202 2150
1202 1167
1202 320
1202 1682
1203 1118
1203 1664
1204 1334
1205 1112
1205 347
1206 1112
1206 2173
1206 768
1207 1770
1208 1129
1208 1329
1209 300
1209 1239
1210 352
1210 1221
1210 1347
1211 355
1211 1085
1211 1346
1212 1532
1213 1283
1213 2216
1214 377
1214 1309
1214 1145
1214 1724
1215 1309
1215 1244
1215 350
1215 1715
1216 1110
1216 872
1217 1278
1217 1077
1217 1118
1217 1263
1218 1306
1218 1216
1218 1270
1218 1793
1219 1106
1220 1288
1220 1055
1220 1332
1220 1180
1221 1266
1222 1278
1222 1268
1223 1133
1223 1637
1224 1184
1224 1213
1224 2115
1224 1257
1225 1248
1225 1083
1225 344
1225 1057
1226 1152
1226 373
1227 1250
1227 1315
1227 1253
1228 1209
1229 1344
1229 1067
1229 1063
1230 355
1230 319
1230 1055
1230 1736
1231 1336
1231 1186
1232 1110
1232 1518
1233 1293
1234 430
1234 349
1234 1263
1234 2146
1235 1145
1236 2582
1237 1145
1237 760
1238 1087
1239 1209
1240 308
1241 444
1241 1763
1241 2629
1242 1334
1242 1296
1243 1051
1243 1155
1243 2119
1244 1233
1244 1067
1244 1157
1244 765
1244 2177
1246 2229
1247 2239
1247 1221
1247 1209
1247 1104
1247 1794
1248 1244
1248 1199
1248 400
1249 1278
1249 1340
1249 1137
1249 2109
1249 1239
1250 1142
1251 410
1251 2117
1251 1128
1251 387
1252 415
1252 1067
1253 1590
1253 1289
1253 1245
1254 1306
1254 1073
1254 1153
1254 1569
1256 1268
1257 1223
1257 1171
1257 1242
1258 1157
1259 1165
1259 2156
1259 1180
1260 1217
1260 1268
1260 1239
1261 1140
1262 1122
1262 1259
1262 1274
1262 1163
1263 2248
1263 1150
1263 1696
1264 1235
1267 1161
1268 352
1269 1176
1269 1306
1270 332
1272 1343
1274 1153
1274 1152
1275 1233
1275 1203
1275 2220
1276 2121
1276 2601
1276 1063
1277 1217
1277 2579
1278 1159
1278 2113
1278 1197
1280 1120
1280 2698
1281 2180
1281 1197
1281 1332
1281 381
1282 1199
1282 367
1282 1150
1283 1213
1284 1152
1285 1319
1285 1137
1285 1347
1285 1580
1286 1081
1286 319
1286 2098
1286 397
1287 1288
1288 1238
1288 1132
1288 1315
1289 1342
1289 1346
1289 1253
1290 1319
1290 1604
1290 1192
1291 2104
1292 1077
1293 1177
1293 1065
1293 1347
1294 1626
1294 1324
1295 1186
1295 1307
1295 1625
1296 1242
1297 1345
1297 1344
1298 1189
1298 753
1298 1173
1299 1104
1299 1534
1300 1332
1300 1122
1300 1167
1300 1143
1302 1285
1302 1083
1302 1266
1302 1626
1303 1223
1303 1059
1303 1327
1304 1336
1305 319
1306 1235
1307 1248
1307 1313
1308 1763
1309 1233
1310 1128
1310 2166
1311 1159
1312 384
1312 1106
1312 1226
1312 2208
1313 1209
1314 1209
1314 346
1314 1097
1315 2104
1316 1063
1316 1221
1317 1207
1317 1145
1317 389
1318 415
1319 1307
1319 410
1319 1797
1320 1152
1320 377
1320 1760
1322 1073
1322 1268
1322 1283
1322 1135
1322 1510
1324 1311
1325 1289
1325 356
1325 1114
1325 1609
1327 2152
1327 1321
1327 1289
1328 360
1328 1137
1329 2146
1329 1059
1330 1248
1330 1186
1330 1223
1331 1169
1332 1238
1332 1281
1332 1658
1333 1211
1334 1344
1334 1128
1335 1228
1336 424
1336 1231
1336 1304
1336 1116
1337 1171
1337 1102
1337 1193
1337 1514
1337 1763
1338 1189
1339 1051
1339 1137
1339 1114
1339 1184
1339 2555
1339 1674
1340 1266
1341 1071
1342 1073
1342 1135
1342 1077
1342 1532
1343 1228
1343 1140
1343 1272
1344 1658
1345 1104
1346 1055
1346 407
1347 1226
1347 1285
1348 1180
1348 1217
1349 1137
1349 1235
1349 351
1350 1340
1352 1337
1353 1553
1355 1133
1357 1607
1361 1342
1361 1645
1374 1126
1374 1726
1375 1740
1382 1623
1384 1596
1385 1652
1385 1285
1387 756
1390 1184
1396 2622
1397 1307
1397 2240
1398 1071
1398 1664
1399 1672
1402 1543
1404 1633
1404 2631
1407 1169
1408 1311
1425 1788
1429 773
1429 1201
1430 1694
1438 1135
1451 1079
1455 1231
1455 1569
1457 1645
1459 1244
1460 1573
1461 1798
1461 1602
1463 2157
1471 1706
1474 1678
1474 1279
1475 2623
1480 1107
1486 1114
1487 1217
1488 1660
1489 1188
1491 1637
1495 1235
1495 309
1498 1266
1500 1199
1500 1250
1510 2226
1511 845
1511 2553
1512 1643
1515 2626
1515 1299
1518 1250
1523 779
1524 1586
1526 898
1531 1285
1532 1230
1532 1133
1536 1516
1542 1081
1543 1615
1544 1206
1550 405
1556 1734
1556 1742
1558 881
1562 1283
1567 1207
1568 1524
1569 2693
1569 1724
1569 1272
1575 1750
1577 1217
1578 823
1578 1577
1580 1672
1586 1143
1587 1524
1588 1107
1589 1342
1590 1253
1593 1774
1596 311
1596 1169
1599 1075
1602 1055
1602 1736
1603 1573
1604 1698
1605 1313
1606 1748
1606 1319
1608 1638
1608 1133
1610 1656
1613 1674
1616 1791
1617 1248
1617 1129
1618 1748
1618 1629
1619 1097
1621 1668
1621 756
1622 1512
1624 1532
1624 1728
1625 1057
1629 2192
1632 1580
1633 1619
1636 1631
1637 1223
1638 304
1639 1332
1642 1283
1644 1607
1646 1281
1648 1621
1648 2115
1657 1730
1658 1344
1659 1763
1662 1791
1662 1296
1664 1203
1666 1346
1667 835
1670 422
1672 1580
1672 1609
1672 797
1673 1670
1674 1613
1674 1349
1675 1263
1676 1787
1676 1195
1677 1604
1680 438
1682 1219
1687 1257
1689 2162
1691 1233
1691 357
1694 387
1695 1770
1697 1157
1697 1770
1700 1180
1704 1248
1706 1756
1708 2179
1711 396
1714 1177
1716 1573
1716 1132
1716 796
1717 1717
1717 1717
1719 1126
1719 788
1721 393
1721 323
1722 1738
1723 2629
1725 2561
1725 1792
1726 852
1726 1557
1730 1676
1732 2129
1733 1337
1735 1326
1735 1259
1736 1230
1738 1748
1740 1559
1743 1719
1744 1133
1745 2546
1747 1613
1748 1638
1748 1626
1750 1575
1756 2218
1761 1676
1763 1135
1763 1337
1770 1721
1770 1207
1771 1752
1778 1167
1784 1288
1787 2647
1790 1107
1791 1662
1793 1106
1796 804
1797 1319
1798 335
1798 1736
1799 1299
1800 2246
1800 2144
1800 336
1801 2184
1801 2202
1801 2141
1802 2116
1802 2221
1803 2109
1804 2229
1804 2139
1805 2184
1805 2209
1805 1099
1806 2184
1806 2667
1807 2194
1808 328
1808 2240
1810 2103
1810 2619
1811 2177
1814 2213
1815 2243
1816 2162
1817 2204
1817 2128
1817 2138
1818 2233
1818 2113
1818 2113
1818 1110
1819 2226
1819 2169
1819 2151
1819 2196
1820 2141
1820 2235
1821 2104
1822 2114
1822 1668
1822 2164
1822 2637
1824 2111
1824 2233
1825 1176
1826 398
1827 2225
1828 2192
1828 2198
1828 2141
1829 2132
1829 2098
1831 2116
1831 328
1831 2640
1832 2657
1833 2124
1834 2182
1834 2605
1835 2624
1836 300
1836 327
1836 2123
1836 2146
1837 325
1837 2115
1837 2540
1837 2149
1838 2221
1838 1177
1839 1065
1839 384
1839 1242
1840 2112
1840 2206
1841 1071
1841 2230
1841 2233
1841 2116
1841 2116
1841 2241
1842 2192
1842 2148
1843 2208
1843 1270
1843 2130
1844 2696
1845 2198
1845 2212
1846 2156
1847 2128
1847 1262
1848 2238
1848 2119
1848 2182
1849 2225
1849 1077
1849 2208
1849 2592
1850 2240
1850 2208
1850 1732
1850 2575
1852 1165
1852 2246
1854 2173
1854 2667
1854 2614
1854 2686
1855 2122
1856 2148
1856 2226
1857 2132
1857 2143
1859 1167
1859 2611
1860 2593
1861 2228
1862 2215
1862 2211
1863 2209
1864 2104
1864 2637
1865 2138
1866 2120
1866 2178
1867 2213
1867 2197
1867 2105
1867 2244
1868 2132
1868 2117
1869 2106
1869 2136
1870 2182
1871 2100
1872 2183
1873 2110
1873 424
1873 2130
1873 2182
1873 1268
1874 2208
1874 2203
1875 2242
1876 2248
1876 841
1877 2162
1878 2226
1878 2116
1878 2687
1879 2239
1879 2689
1879 2124
1881 2237
1881 375
1881 2098
1882 2245
1883 2239
1884 2193
1885 2104
1885 2550
1886 1329
1886 1252
1886 2657
1887 2239
1887 2248
1888 436
1889 2127
1890 2114
1890 1188
1890 2118
1891 2204
1891 1129
1891 2114
1892 2210
1892 2189
1892 770
1893 1219
1894 2169
1894 2204
1895 2198
1895 2165
1895 2146
1895 2164
1896 2135
1897 2175
1897 2164
1897 2223
1898 2176
1898 2183
1899 2144
1899 2234
1899 2219
1899 2248
1900 1114
1900 2161
1901 2247
1902 1272
1902 337
1902 342
1902 2167
1903 2208
1903 2125
1903 2103
1903 2163
1904 415
1905 449
1905 403
1906 2546
1908 2161
1908 2224
1908 1740
1909 2105
1910 2239
1911 1184
1911 2149
1911 402
1911 2137
1911 2666
1912 2164
1913 2580
1914 2245
1914 2197
1914 2165
1914 2611
1915 1126
1916 2688
1917 2177
1917 2239
1917 2198
1917 2153
1918 2161
1918 2127
1919 2134
1920 2200
1920 2146
1921 1279
1921 2148
1923 2207
1923 369
1923 2177
1924 2190
1925 2202
1925 427
1926 2105
1926 2193
1927 2190
1927 2168
1928 2115
1928 433
1929 368
1929 2182
1929 2154
1930 416
1930 2236
1930 1129
1931 2112
1931 2181
1931 1126
1931 1053
1931 2223
1931 1713
1931 851
1931 2647
1932 2143
1932 2234
1933 336
1934 2229
1935 2194
1935 2145
1935 2115
1936 2125
1937 2216
1937 2154
1937 2550
1939 2127
1939 2203
1939 1327
1939 2198
1939 2218
1940 2207
1940 2557
1940 1307
1942 2230
1942 2166
1943 2108
1944 1120
1944 2195
1945 2216
1948 2161
1948 1112
1948 2231
1948 1244
1949 2121
1951 2188
1951 402
1951 2640
1952 309
1953 2121
1953 313
1953 2185
1954 2242
1954 2249
1954 2607
1955 1281
1955 345
1955 2238
1956 2184
1956 2203
1956 2199
1957 2162
1957 369
1958 2150
1958 2231
1958 2152
1958 2192
1959 2121
1959 2238
1959 2169
1960 2100
1960 2164
1961 2140
1961 2152
1961 2204
1962 1216
1962 2540
1963 2194
1963 2100
1963 2184
1963 2184
1965 2247
1965 2175
1965 2540
1965 1137
1965 2173
1966 2631
1967 2178
1968 2176
1969 2224
1969 2577
1970 2126
1970 2213
1970 2167
1970 1171
1970 1102
1971 2161
1971 2636
1972 1186
1972 2192
1972 2235
1972 2216
1972 2568
1973 2214
1974 2106
1974 381
1974 816
1975 2166
1975 2218
1975 2125
1975 2635
1976 2172
1977 2220
1978 2138
1978 2593
1979 2247
1979 2232
1979 2183
1980 2191
1980 1199
1982 2238
1983 2184
1983 2206
1985 2193
1985 2200
1985 2598
1986 1163
1986 2159
1987 2209
1987 1161
1987 2105
1988 2207
1989 2154
1989 2564
1990 2118
1990 1629
1991 2210
1991 2207
1991 2138
1992 2144
1992 2166
1993 2158
1994 2107
1994 2561
1995 2157
1995 2195
1995 2567
1996 2226
1997 2241
1997 2248
1997 335
1998 2154
1998 2241
1999 2137
2001 2118
2001 364
2001 2161
2002 2175
2002 1129
2003 2105
2003 2175
2004 2183
2004 2143
2005 2228
2005 2223
2005 2240
2005 2559
2006 2628
2008 2162
2008 1077
2008 2183
2008 2194
2009 362
2009 2116
2009 2165
2010 2185
2010 2164
2010 2193
2010 1079
2011 2141
2012 2129
2012 2145
2012 2157
2012 2141
2012 766
2013 2134
2013 2159
2014 2196
2014 2235
2015 2226
2015 2126
2016 2155
2017 2235
2017 303
2018 1051
2018 372
2018 2217
2018 2127
2019 2167
2019 2191
2020 2234
2020 2669
2021 2148
2021 2120
2021 2222
2022 2118
2022 2111
2022 2182
2022 350
2022 815
2022 836
2023 1159
2023 2249
2023 2214
2023 315
2023 2135
2024 2109
2024 346
2024 2189
2025 2142
2025 2130
2026 2160
2026 2553
2027 2175
2027 331
2028 2165
2028 2175
2029 2239
2029 2236
2030 1278
2031 2137
2031 2236
2031 2152
2031 388
2032 2226
2032 2166
2034 2127
2034 2186
2034 2585
2035 391
2035 2146
2036 2123
2036 2248
2036 2183
2037 1293
2037 2173
2038 2203
2038 2141
2039 2196
2040 2207
2040 1756
2041 1211
2041 2230
2042 2236
2043 2115
2044 2199
2044 2191
2045 2155
2045 2157
2045 2187
2046 2123
2046 2225
2047 2120
2047 2217
2047 2600
2048 2169
2049 2105
2049 2229
2049 2195
2049 1510
2050 2116
2050 2617
2050 2684
2052 354
2052 2112
2053 2228
2053 2228
2054 2221
2054 2226
2054 2190
2055 2104
2055 2170
2055 2623
2056 2225
2056 364
2056 2132
2057 2222
2058 2177
2058 2147
2058 2603
2058 2178
2059 2176
2059 2182
2059 2177
2060 321
2060 2200
2060 366
2060 2632
2063 2113
2063 2116
2063 2240
2064 2129
2065 1288
2065 2146
2065 2169
2067 2206
2068 2215
2068 2217
2069 2235
2069 2212
2069 2219
2069 2596
2069 2248
2070 2116
2070 2210
2070 2180
2071 382
2072 2598
2072 2617
2073 2236
2073 2114
2073 2209
2074 2188
2074 2243
2074 2182
2075 2198
2075 2187
2075 2213
2075 2245
2076 2147
2076 2145
2076 2662
2076 2196
2076 852
2077 2144
2078 2233
2078 2200
2078 2600
2079 2128
2081 2152
2081 2114
2081 2212
2081 2170
2081 2670
2082 2672
2083 1235
2083 346
2083 2176
2083 2248
2083 2223
2084 2238
2084 2580
2086 2185
2086 2137
2087 2147
2087 2174
2088 2154
2088 2137
2088 2236
2089 2211
2089 2103
2089 2236
2091 2644
2092 2147
2092 2185
2092 2613
2093 2216
2095 2098
2096 2249
2096 2249
2096 2174
2097 301
2097 2236
2098 1304
2098 2110
2098 2106
2098 1313
2099 2196
2099 1263
2099 2142
2099 2240
2099 2146
2099 2236
2100 2240
2100 2139
2101 2141
2103 2148
2104 1309
2104 2106
2104 2125
2104 1315
2104 2214
2105 2137
2105 2160
2105 2199
2105 2118
2106 2138
2106 2098
2106 2687
2107 2175
2107 2233
2108 2215
2108 2174
2108 2231
2109 2214
2109 2188
2109 1268
2109 2634
2112 2224
2113 2204
2113 1278
2114 2239
2114 426
2115 2161
2115 2223
2115 2246
2116 2102
2116 2202
2116 2223
2116 2135
2118 2187
2118 2213
2118 2105
2119 2185
2119 2651
2120 2129
2120 2168
2120 2120
2120 2120
2120 349
2120 2124
2121 2171
2121 2144
2121 1276
2121 2173
2121 2147
2122 2563
2123 2216
2124 2120
2125 2104
2125 2171
2125 2190
2125 2220
2126 2182
2126 2695
2126 2205
2127 2166
2127 2166
2127 2148
2129 2133
2129 2230
2130 411
2130 2239
2130 2210
2132 2124
2133 2129
2134 2204
2135 1122
2135 2151
2137 2158
2138 2186
2138 2104
2139 2199
2141 2249
2141 410
2141 2217
2141 2100
2142 2147
2142 396
2143 2668
2144 2121
2144 2619
2145 2208
2146 362
2146 2221
2146 2122
2146 2157
2146 2170
2147 2242
2147 2142
2147 2121
2147 2227
2148 2132
2149 2158
2149 2571
2150 2176
2150 2247
2152 2238
2152 1327
2152 1239
2152 2213
2152 444
2152 2543
2153 2153
2153 2153
2153 2159
2153 2183
2154 2201
2155 2210
2155 2224
2155 1336
2155 2608
2156 1259
2156 398
2157 2208
2157 2218
2158 2199
2158 2644
2159 385
2159 366
2159 2204
2159 2153
2160 2215
2161 2188
2161 2156
2161 2157
2162 2206
2162 441
2163 1081
2164 2153
2164 2201
2164 2144
2165 2144
2165 2229
2166 2127
2166 344
2166 2583
2167 1104
2168 2120
2168 2584
2169 2105
2169 2182
2169 2222
2169 2564
2170 2225
2170 2239
2170 2666
2170 2146
2171 1153
2172 2185
2172 2245
2172 2641
2173 2131
2173 1206
2173 2220
2174 2242
2174 1073
2175 2185
2175 2211
2175 2145
2175 2107
2176 2181
2176 2240
2177 2227
2178 2186
2178 2129
2178 2227
2178 2580
2179 1708
2180 2233
2181 2572
2181 2615
2181 2690
2182 2203
2182 2231
2182 2131
2182 2128
2182 2679
2182 2132
2183 2206
2183 388
2183 2153
2184 2105
2184 2175
2185 2207
2185 2119
2185 2244
2186 399
2186 2215
2186 2220
2187 2118
2187 2236
2188 2172
2188 2109
2188 2648
2189 2142
2190 1073
2190 2225
2191 2187
2191 1272
2191 323
2191 2618
2192 2125
2192 2176
2193 2195
2193 2160
2194 2164
2195 2169
2196 2221
2196 2239
2197 366
2198 2236
2198 2118
2198 362
2199 2220
2199 2139
2200 2229
2201 2164
2202 1051
2202 2100
2203 2217
2203 2182
2203 2166
2204 2113
2204 2149
2204 2104
2204 799
2206 2124
2206 2624
2207 2218
2208 2117
2208 1077
2208 1329
2209 2105
2209 2600
2210 2233
2210 2193
2210 2592
2210 2580
2211 2243
2211 2664
2212 2595
2212 2118
2212 1163
2213 2663
2214 2209
2214 2104
2215 2108
2215 2232
2216 2627
2216 1213
2217 2232
2217 2211
2217 2225
2218 2190
2218 2157
2219 2638
2220 2125
2220 2186
2221 2146
2221 2102
2221 2679
2222 2208
2223 347
2223 2200
2223 2162
2223 2240
2223 2145
2223 2698
2224 351
2225 2109
2225 2170
2226 2135
2226 2205
2226 378
2226 1199
2226 368
2226 2218
2227 1176
2228 2126
2229 1263
2229 2200
2229 2226
2229 2165
2230 2116
2230 2168
2230 344
2231 2108
2232 2192
2232 2575
2233 2107
2234 2212
2234 430
2235 2183
2236 2247
2236 2168
2236 2243
2237 304
2238 2152
2238 2180
2239 1266
2239 2143
2239 2130
2239 2161
2239 2550
2240 2100
2240 2129
2240 1604
2240 2108
2241 2196
2241 2116
2241 2201
2242 2174
2242 2133
2245 2172
2246 2115
2246 2130
2247 2192
2247 2150
2248 2147
2249 2209
2250 2570
2251 2178
2254 2156
2254 2581
2259 766
2262 2194
2262 1752
2263 2122
2265 2197
2267 871
2271 2597
2271 2152
2272 2183
2273 2611
2273 2658
2276 2139
2276 2239
2277 2538
2280 1530
2280 2215
2283 2577
2283 1349
2285 2608
2285 2610
2285 2167
2286 2129
2286 2698
2287 340
2290 2588
2291 2555
2291 2187
2292 2678
2295 1296
2295 2612
2296 2565
2297 2210
2299 2546
2300 2575
2303 2682
2305 2168
2307 2215
2307 2653
2308 2181
2311 2551
2314 2232
2314 2568
2325 2243
2325 2178
2328 2646
2328 2649
2330 2543
2331 2166
2331 1145
2336 2225
2336 2240
2343 1184
2344 2698
2345 362
2348 347
2349 2210
2350 2174
2350 2638
2351 2186
2352 764
2354 405
2357 2653
2358 2546
2360 2647
2361 2195
2362 2247
2362 1118
2367 2672
2371 2227
2374 2144
2375 2121
2379 406
2380 1602
2380 2644
2384 2626
2384 2113
2384 2654
2385 2557
2387 2125
2389 2672
2389 2579
2393 2131
2394 1259
2394 860
2395 892
2399 2223
2399 2234
2401 2627
2401 2191
2406 2190
2410 2612
2411 2641
2411 2229
2411 1765
2412 2607
2413 2206
2415 2587
2416 2111
2418 2623
2419 2618
2419 2216
2421 378
2424 2622
2428 1619
2429 2612
2429 2162
2429 1787
2430 2228
2433 2596
2434 2590
2434 852
2437 2119
2438 2188
2439 772
2440 2115
2440 2128
2444 2624
2445 2172
2448 2172
2449 2120
2451 2639
2453 2158
2462 2213
2464 2655
2464 2699
2471 2585
2471 2596
2472 2143
2472 813
2474 2212
2479 2146
2480 2601
2481 2690
2493 2211
2497 2158
2497 376
2499 2131
2508 2131
2510 2106
2514 2143
2516 2181
2520 2564
2522 2182
2522 2221
2527 2641
2527 2126
2528 2672
2529 405
2530 2692
2532 2223
2533 2604
2533 1297
2537 2135
2539 2155
2540 2185
2540 2114
2540 2699
2544 2589
2544 764
2544 2658
2546 1745
2547 2683
2550 2165
2551 2587
2556 2126
2558 2622
2559 2200
2560 2223
2560 2575
2562 2540
2562 2664
2564 2169
2565 2566
2567 2590
2567 2200
2571 2149
2580 2159
2582 1253
2587 2625
2588 2563
2589 2690
2590 2567
2590 2634
2592 2120
2593 2134
2595 2212
2596 2236
2598 2234
2600 2209
2601 1276
2608 2557
2608 2155
2609 2626
2611 2154
2612 2637
2615 2181
2616 2617
2617 2616
2619 2109
2622 2697
2626 2624
2626 2609
2626 1534
2628 2205
2629 1750
2631 2180
2634 2109
2638 328
2638 2219
2639 2643
2639 795
2641 2695
2644 2244
2644 2665
2646 2596
2648 2188
2655 2664
2658 2546
2662 2239
2665 2644
2666 2170
2667 2106
2670 2239
2672 2682
2672 2242
2672 2612
2677 1242
2682 337
2682 2583
2693 1569
2693 359
2698 1199
